# 2013-04-23 14:38:19 PDT
# Colorimeter Data
# LED blue
# -----------------------------
# Concentration | Absorbance
0.0  0.00  
1.25  0.21  
1.25  0.21  
2.5  0.43  
2.5  0.45  
3.75  0.66  
3.75  0.66  
5.0  0.87  
5.0  0.88  
6.25  1.09  
6.25  1.07  
7.5  1.30  
7.5  1.28  
10.0  1.66  
10.0  1.64  

0  0.00  
1.25  0.24  
1.25  0.24  
2.5  0.48  
2.5  0.49  
3.75  0.71  
3.75  0.70  
5.0  0.93  
5.0  0.92  
6.25  1.13  
6.25  1.13  
7.5  1.33  
7.5  1.32  
8.75  1.51  
8.75  1.52  
10  1.67  
10  1.71  

0  0.00  
1.25  0.22  
1.25  0.25  
2.5  0.48  
2.5  0.47  
3.75  0.70  
3.75  0.69  
5.0  0.92  
5.0  0.93  
6.25  1.09  
6.25  1.09  
7.5  1.32  
7.5  1.33  
8.75  1.51  
8.75  1.48  
10  1.68  
10  1.69  
