# 2014-03-26 15:52:32 PDT
# Colorimeter Data
# LED D1 CustomLEDVerB
# -----------------------------
# Concentration | Absorbance
0.0  0.00  
20.0  0.61  
20.0  0.62  
20.0  0.62  
30.0  0.81  
30.0  0.80  
30.0  0.81  
0.0  0.00  
10.0  0.29  
10.0  0.29  
10.0  0.29  
40.0  0.93  
40.0  0.93  
40.0  0.94  
60.0  1.33  
60.0  1.33  
60.0  1.33  
70.0  1.38  
70.0  1.37  
70.0  1.38  
80.0  1.53  
80.0  1.52  
80.0  1.54  
100.0  1.61  
100.0  1.61  
100.0  1.61  
0  0.00  
50  1.18  
50  1.17  
50  1.18  
