# 2013-01-18 19:19:59 PST
# Colorimeter Data
# LED red
# -----------------------------
# Concentration | Absorbance
0.0  0.00  
1.25  0.72  
2.5  1.23  
3.75  1.68  
5.0  1.97  
6.25  2.32  
7.5  2.46  
8.75  2.64  
10.0  2.74  
1.25  0.74  
2.5  1.25  
3.75  1.68  
5.0  1.97  
6.25  2.23  
7.5  2.48  
8.75  2.67  
10.0  2.82  
1.25  0.75  
2.5  1.25  
3.75  1.69  
5.0  1.98  
6.25  2.33  
7.5  2.47  
8.75  2.65  
10.0  2.74  
1.25  0.76  
2.5  1.26  
3.75  1.71  
5.0  1.99  
6.25  2.34  
7.5  2.48  
8.75  2.68  
10.0  2.80  
1.25  0.75  
2.5  1.28  
3.75  1.66  
5.0  1.99  
6.25  2.34  
7.5  2.48  
8.75  2.65  
10.0  2.79  
1.25  0.77  
2.5  1.27  
3.75  1.71  
5.0  1.99  
6.25  2.35  
7.5  2.48  
8.75  2.72  
10.0  2.86  
