# 2014-05-13 20:50:09 PDT
# Colorimeter Data
# LED D1 CustomLEDVerB
# -----------------------------
# Concentration | Absorbance
0.0  0.00  
0.2  0.11  
0.2  0.10  
0.2  0.09  
0.2  0.11  
0.2  0.11  
0.2  0.12  
0.2  0.07  
0.2  0.11  
0.2  0.15  
0.0  0.00  
0.2  0.11  
0.2  0.11  
0.2  0.11  
0.2  0.10  
0.2  0.07  
0.2  0.10  
0.2  0.10  
0.2  0.11  
0.2  0.09  
0.2  0.16  
0.2  0.17  
0.2  0.17  
0.2  0.17  
0.2  0.16  
0.2  0.17  
0.2  0.16  
0.2  0.17  
0.2  0.17  
0.2  0.17  
0.0  0.00  
0.0  0.00  
0.4  0.27  
0.4  0.26  
0.4  0.26  
0.4  0.26  
0.4  0.26  
0.4  0.27  
0.4  0.26  
0.4  0.27  
0.4  0.26  
0.4  0.26  
0.4  0.26  
0.4  0.26  
0.4  0.26  
0.4  0.26  
0.4  0.26  
0.4  0.25  
0.4  0.25  
0.4  0.26  
0.0  0.00  
0.6  0.38  
0.6  0.38  
0.6  0.38  
0.6  0.37  
0.6  0.37  
0.6  0.36  
0.6  0.38  
0.6  0.37  
0.6  0.38  
0.6  0.38  
0.6  0.38  
0.0  0.00  
0.0  0.00  
0.8  0.49  
0.8  0.48  
0.8  0.48  
0.8  0.48  
0.8  0.49  
0.8  0.49  
0.8  0.50  
0.8  0.50  
0.8  0.48  
0.0  0.00  
1.0  0.69  
1.0  0.69  
1.0  0.69  
1.0  0.69  
1.0  0.68  
1.0  0.69  
1.0  0.68  
1.0  0.69  
1.0  0.69  
0.0  0.00  
1.2  0.82  
1.2  0.82  
1.2  0.82  
1.2  0.82  
1.2  0.82  
1.2  0.82  
1.2  0.82  
0.0  0.00  
1.4  0.98  
1.4  0.98  
1.4  0.99  
1.4  0.98  
1.4  0.98  
1.4  0.97  
0.0  0.00  
1.6  1.03  
1.6  1.03  
1.6  1.03  
1.6  1.04  
1.6  1.05  
1.6  1.04  
0.0  0.00  
0.2  0.08  
0.2  0.11  
0.2  0.10  
0.4  0.27  
0.4  0.26  
0.4  0.26  
0.6  0.41  
0.6  0.39  
0.6  0.38  
0.8  0.48  
0.8  0.50  
0.8  0.48  
0.8  0.50  
1.0  0.73  
1.0  0.73  
1.0  0.69  
1.2  0.79  
1.2  0.81  
1.2  0.81  
1.4  0.95  
1.4  0.92  
1.4  0.95  
