# 2013-04-07 14:27:07 PDT
# Colorimeter Data
# LED red
# -----------------------------
# Concentration | Absorbance
0  0.00  
6.25  0.52  
6.25  0.52  
12.5  0.95  
12.5  0.95  
18.75  1.25  
18.75  1.25  
25  1.45  
25  1.45  
31.25  1.57  
31.25  1.57  
37.5  1.67  
37.5  1.67  
43.75  1.73  
43.75  1.75  
50  1.79  
50  1.79  
0  0.00  
6.25  0.53  
6.25  0.52  
12.5  0.97  
12.5  0.98  
18.75  1.27  
18.75  1.28  
25  1.46  
25  1.47  
31.25  1.58  
31.25  1.59  
37.5  1.68  
37.5  1.67  
43.75  1.74  
43.75  1.74  
50  1.78  
50  1.79  
0  0.00  
6.25  0.50  
6.25  0.50  
12.5  0.94  
12.5  0.93  
18.75  1.23  
18.75  1.22  
25  1.44  
25  1.44  
31.25  1.57  
31.25  1.57  
37.5  1.68  
37.5  1.67  
43.75  1.73  
43.75  1.73  
50  1.77  
50  1.78  
