# 2013-06-12 14:02:56 PDT
# Colorimeter Data
# LED green
# -----------------------------
# Concentration | Absorbance
0.0  0.00  
37.5  0.20  
37.5  0.21  
75.0  0.45  
75.0  0.47  
112.5  0.70  
112.5  0.69  
150.0  0.87  
150.0  0.87  
187.5  1.00  
187.5  1.00  
225.0  1.10  
225.0  1.11  
262.5  1.19  
262.5  1.19  
300.0  1.25  
300.0  1.25  
0.0  0.00  
37.5  0.18  
37.5  0.18  
37.5  0.19  
75.0  0.43  
75.0  0.44  
75.0  0.44  
112.5  0.65  
112.5  0.65  
112.5  0.66  
150.0  0.86  
150.0  0.85  
150.0  0.85  
187.5  0.99  
187.5  0.98  
187.5  0.99  
225.0  1.10  
225.0  1.10  
225.0  1.10  
262.5  1.17  
262.5  1.17  
262.5  1.17  
300.0  1.24  
300.0  1.24  
300.0  1.24  
0.0  0.00  
37.5  0.19  
37.5  0.22  
75.0  0.45  
75.0  0.46  
112.5  0.67  
112.5  0.66  
150.0  0.85  
150.0  0.85  
187.5  0.98  
187.5  0.98  
225.0  1.09  
225.0  1.08  
262.5  1.16  
262.5  1.16  
300.0  1.22  
300.0  1.22  
